Confidence intervals for the parameters k1, k3 and k5, k6
k1: [-175.82792082414215, 178.46777027759975]
k3: [24.453172971639148, 33.240212758681984]
k5: [176.03972837109285, 184.56208039844137]
k6: [3.5568435575784183, 3.641306556083101]
