Confidence intervals for the parameters k1, k3 and k5, k6
k1: [0.8453936246662558, 1.1042994688268228]
k3: [24.5213937441309, 29.892583624958394]
k5: [177.46310540275633, 228.92273449619407]
k6: [3.2996951317123333, 4.048096003222782]
