Confidence intervals for the parameters k1, k3 and k5, k6
k1: [0.9468827789457537, 0.9728655578619032]
k3: [28.42487880115349, 29.00805867492278]
k5: [177.55416831214603, 182.5907382376409]
k6: [3.559915142219152, 3.6340049704386788]
