Confidence intervals for the parameters k1, k3 and k5, k6
k1: [-3106.0029356652753, 3108.3686369981037]
k3: [-68.59517748318424, 127.69199533578254]
k5: [160.04527582544625, 241.871852995616]
k6: [3.4235235961305217, 4.36802132751282]
