Confidence intervals for the parameters k1, k3 and k5, k6
k1: [-3042.942950237202, 3045.30865157003]
k3: [-66.70175120815935, 125.79856906075764]
k5: [159.9548119480025, 241.96231687305976]
k6: [3.4257143670723456, 4.365830556570996]
