Confidence intervals for the parameters k1, k3 and k5, k6
k1: [0.8453941968579425, 1.104298896635136]
k3: [24.52206221128561, 29.891915157803684]
k5: [177.46306423263087, 228.92277566631952]
k6: [3.2996966258201654, 4.04809450911495]
