Confidence intervals for the parameters k1, k3 and k5, k6
k1: [-176.60072280158923, 179.24057225504683]
k3: [24.432957939240573, 33.26042779108056]
k5: [176.03968625737863, 184.56212251215558]
k6: [3.5568371283058307, 3.6413129853556887]
