Confidence intervals for the parameters
p3: [0.24990085140377571, 1.0811157833943716]
p4: [1.4941338730237939, 5.76492935089788]
p7: [9.580399889616919, 13.822050268569258]
p8: [12.916852267464686, 19.599077769446527]
p9: [3.8972971237441936, 4.102370691588865]
p10: [67.61892889189693, 144.89537490348272]
p12: [1.248486150526301, 1.4073405710588354]
