Confidence intervals for the parameters
p4: [0.9445004002046802, 7.9393115255142455]
p7: [4.7086440878036955, 16.714916815696373]
p9: [3.38778822034707, 4.190427130458575]
p12: [1.0479950831234703, 1.6521982525490155]
